time,x,y,z,phi,theta,psi,x_velocity,y_velocity,z_velocity,phi_velocity,theta_velocity,psi_velocity,rotor_speed1,rotor_speed2,rotor_speed3,rotor_speed4
0.06,-5.93713179899e-08,-8.74812809494e-08,10.0068870571,6.28288864859,6.2827677876,0.0,1.60073881332e-05,-1.78569448701e-05,0.229549895809,-0.0173387134694,-0.0269115457333,0.0,477.32248537512424,475.26474953362066,476.8392585117093,475.51319411107204
0.12000000000000001,1.61618404679e-05,-1.21520769083e-05,10.0253546841,6.28151627219,6.28170660078,0.0,0.000667394118525,-0.000513778022429,0.385996940076,-0.0372404686248,-0.00371964819225,0.0,452.8563295899981,454.7177023192106,456.07154869540574,454.4793855123913
0.18,9.07463176475e-05,-9.07290888534e-05,10.0539681644,6.27959849998,6.28192777656,0.0,0.00181527178187,-0.00234029972356,0.567712026354,-0.0230804099119,0.0154398275636,0.0,462.32759028944463,463.8344314214257,460.9285997633677,462.045750265309
0.23999999999999996,0.00022382329271,-0.000325765602879,10.0949877858,6.27819250689,0.000991888130372,0.0,0.00240477204779,-0.00566328970133,0.799474721952,-0.0241482580097,0.0628525218413,0.0,475.79061356907465,479.4067097286068,476.93336234301677,476.8517943743145
0.3,0.000328257248653,-0.000789754050611,10.1489222244,6.27630780212,0.00465996138263,0.0,0.000642559486526,-0.00998860219492,0.998185385075,-0.0527537998035,0.0574576988492,0.0,467.61825165306806,467.20033289816365,469.39615460954536,467.17083260807476
0.36000000000000004,0.000243483483584,-0.00156256687752,10.2144513395,6.27262471195,0.00790185208574,0.0,-0.00385326830172,-0.0161505534447,1.18593717922,-0.0905209638892,0.04610870692,0.0,465.3471580001705,464.45980919809114,466.43560134115705,463.47404352911406
0.4200000000000001,-0.00019564414671,-0.00281686547374,10.2926136589,6.26720123193,0.0109725054604,0.0,-0.0111392868195,-0.0263169604155,1.41920199698,-0.0901335078703,0.0597592266089,0.0,478.3483431291335,479.38804342658705,478.5832533335698,478.60653482335204
0.48000000000000015,-0.0011610411669,-0.00482933626569,10.3856206538,6.26168762238,0.014117884274,0.0,-0.021469140134,-0.0414465111161,1.68066650502,-0.0956658594747,0.0307391938241,0.0,488.5661747696821,486.3992869251848,487.5795583824471,487.1597925542287
0.5400000000000001,-0.0027937346209,-0.00785286499422,10.4926178289,6.25639971891,0.0160476390517,0.0,-0.0331713764533,-0.0599748244783,1.88557185355,-0.0762227881603,0.0348668497178,0.0,471.41229014803565,471.7314236975076,471.2541900189189,472.7484378628978
0.6000000000000002,-0.00517836997582,-0.0121133449394,10.6120718174,6.25233609529,0.017702993899,0.0,-0.046540385875,-0.0825373622035,2.09584705074,-0.0546288778534,0.00617752457103,0.0,475.10609395700493,472.90162394560775,473.29669035803886,474.9523105322202
0.6600000000000003,-0.0083622871997,-0.0177579219903,10.7421846028,6.24950425095,0.0177716585884,0.0,-0.0596120796105,-0.105935235592,2.24095994741,-0.0354151555203,-0.0115379258004,0.0,455.9619896384796,454.5445681032702,454.635494420495,456.1708929576992
0.7200000000000003,-0.0123960870128,-0.0249953056214,10.884836158,6.24737750943,0.0175032258159,0.0,-0.0747804127132,-0.135563060567,2.51352311037,-0.0355068221374,0.00684021178062,0.0,493.0803338864737,494.43617699778844,492.9504761023932,492.9432893391565
0.7800000000000004,-0.0171734485955,-0.0337268366837,11.0344894752,6.24513868964,0.0181748459699,0.0,-0.0845116257283,-0.15566907861,2.47499561767,-0.0411961415551,0.0187236933087,0.0,397.3010735591134,398.3890256743921,396.8068243012527,396.2833562721856
0.8400000000000004,-0.0226900343281,-0.0440004990551,11.1895621997,6.24276227694,0.0193090588348,0.0,-0.0995006478931,-0.187057202577,2.69358898744,-0.0366048039439,0.0192608271522,0.0,477.6853490884726,477.7262287348522,479.89948344476704,480.2471801608361
0.9000000000000005,-0.0290473657135,-0.0560334085104,11.3533377931,6.24002866919,0.0202330707255,0.0,-0.112510327135,-0.214260813362,2.76541102831,-0.0771822241038,0.00627377239858,0.0,435.06132214808724,433.9725015733561,437.4945553299265,434.101080617439
0.9600000000000005,-0.0362640691012,-0.0698985448355,11.5245220613,6.23491450743,0.0201546352263,0.0,-0.128063443031,-0.248431726213,2.94026761548,-0.110677818011,-0.0242182553783,0.0,469.1929743561166,466.8197185811551,468.1536795155384,465.5339558372981
1.0200000000000005,-0.0442994259263,-0.085679040048,11.7009231799,6.22797802524,0.0187341922056,0.0,-0.139656848054,-0.278174331258,2.93973755942,-0.127941022896,-0.022607396058,0.0,412.9820075912194,413.12396283344566,413.3157763160245,411.7781381443219
1.0800000000000005,-0.0530084376634,-0.103378305889,11.8774335123,6.22011351005,0.0174106273086,0.0,-0.150525886674,-0.312482336381,2.94388444361,-0.138216104217,-0.0209854911602,0.0,414.65872662456917,414.8011292146186,414.66012513707585,413.7392301641252
1.1400000000000006,-0.0624671877738,-0.123732003745,12.0612051933,6.21194717487,0.0159673343982,0.0,-0.164590815885,-0.366939289616,3.18113265342,-0.132191497438,-0.0310343739953,0.0,486.158557799565,485.4050053316857,487.77521910107964,488.209591020834
1.2000000000000006,-0.0726738922035,-0.147286201415,12.2555169808,6.20386909178,0.0142472693345,0.0,-0.175441529879,-0.419010006567,3.29553100167,-0.140026994555,-0.0243118377609,0.0,452.039358140939,452.58054549174204,451.45910321585376,450.8099372019204
1.2600000000000007,-0.0835448137449,-0.174413586818,12.4600988995,6.19492506543,0.0128179218547,0.0,-0.186738473141,-0.486211889002,3.52309026501,-0.181325057215,-0.0228613410271,0.0,485.60338745166985,485.7121712176852,488.550492643764,485.44119948007585
1.3200000000000007,-0.0950203111108,-0.205525906361,12.6752396084,6.18399420267,0.0116401645921,0.0,-0.195639094605,-0.551980626582,3.64774766559,-0.183947665405,-0.0138433721635,0.0,456.81980751379746,457.5384020697085,457.6906877156197,457.4508113463046
1.3800000000000008,-0.107014152105,-0.240883664549,12.8984752223,6.17318078637,0.0109822558195,0.0,-0.204069719255,-0.627747518532,3.79281561419,-0.17366668757,-0.00575402362925,0.0,465.02215251228387,465.6555423086639,463.6341583917472,464.41127574044265
1.4400000000000008,-0.119531666908,-0.2813305696,13.1331221706,6.16286681727,0.0109802956278,0.0,-0.213153034267,-0.721653494414,4.02776377576,-0.168585122746,0.00947749520566,0.0,490.6238151039664,491.7534531503404,493.33346862192474,493.6833900257414
1.5000000000000009,-0.132538817751,-0.327009246504,13.3764916154,6.15219774844,0.0120326160504,0.0,-0.220497546323,-0.80191947407,4.0841829907,-0.211805581877,0.0301120823703,0.0,439.41471651190824,441.1220655288602,442.50253311260195,438.8968775892013
1.560000000000001,-0.145956446064,-0.37713351249,13.6188414013,6.13963458104,0.0137174778574,0.0,-0.226890633834,-0.869862336823,3.99428673313,-0.204947326388,0.023674246923,0.0,391.460065418943,390.86079414821637,392.10947321524753,392.69659622376423
1.620000000000001,-0.15991158341,-0.432859780329,13.864882455,6.1273208399,0.014569621516,0.0,-0.238426428609,-0.989018863763,4.20602938163,-0.205797445929,-0.0225384223409,0.0,490.328651434255,486.88317527536697,488.1637441749032,488.0630585559009
1.680000000000001,-0.17455765132,-0.49592387455,14.1229080835,6.11556529608,0.0138686394747,0.0,-0.249652574996,-1.11437561877,4.39380949768,-0.18123653819,0.00410966993644,0.0,482.4879590729778,484.49588485483054,482.5619296128188,484.3778292428196
1.740000000000001,-0.189767738859,-0.565576570629,14.385134835,6.10468261689,0.0140793910728,0.0,-0.257370946572,-1.20827904323,4.34702964429,-0.18166195765,0.00229059499334,0.0,411.5381002511127,411.3769672040556,411.0289464152336,410.95648186016973
1.8000000000000012,-0.205505606826,-0.641812357609,14.6487461464,6.09404552624,0.0148618157988,0.0,-0.267271550589,-1.3339233511,4.43934853737,-0.169729085668,0.0287193334275,0.0,456.6725298705129,458.7759295480134,455.69976735296734,456.6231915689859
1.8600000000000012,-0.221778862263,-0.724797099275,14.9126493655,6.08384949063,0.0169222373334,0.0,-0.275319922141,-1.43305495573,4.35749137893,-0.170346194827,0.0437080882984,0.0,400.465931377797,401.82781891941016,399.95408617301206,399.86666240698287
1.9200000000000013,-0.238636801872,-0.814662173269,15.1754074176,6.07338040093,0.0196837275718,0.0,-0.286863425799,-1.56336816978,4.40060815795,-0.184392502532,0.0502953472503,0.0,442.53415950460015,443.0773599609574,443.28521056709565,442.09964702644714
1.9800000000000013,-0.25623162773,-0.912440304861,15.4401967679,6.06192314382,0.0228792752447,0.0,-0.299914818763,-1.69688572262,4.42523159204,-0.209164943031,0.0586086538865,0.0,437.9771470544238,438.6699999605783,438.476657479412,436.37659280581386
2.0400000000000014,-0.274649238115,-1.01823887372,15.7054904474,6.04924813354,0.0266745912696,0.0,-0.314326042038,-1.83080653286,4.41749869606,-0.215777048242,0.071219310984,0.0,428.12146730769166,429.19627043417546,428.17081867952106,427.56188494345463
2.1000000000000014,-0.294024673785,-1.13249307386,15.9710770454,6.03700686912,0.0311257194967,0.0,-0.331917688602,-1.97875100642,4.43484256773,-0.187300124252,0.0795379741741,0.0,437.4219068444869,438.1185567880708,436.10884703030547,438.4387537532163
2.1600000000000015,-0.314670992886,-1.25684638418,16.2415934812,6.02527962911,0.036099774735,0.0,-0.356813278391,-2.16741438901,4.58120430527,-0.221431721818,0.0888934558396,0.0,479.0875738894009,479.80346534310223,480.5626272399037,477.93249354167864
2.2200000000000015,-0.336759378049,-1.39163307123,16.5164664698,6.01197313898,0.0411957411842,0.0,-0.379928663815,-2.32659787049,4.58065540935,-0.22246871934,0.0755288651453,0.0,435.43670808247475,434.32311206595983,435.88985903120886,435.75337712686564
2.2800000000000016,-0.360562650254,-1.53772989954,16.7966495886,5.99923473645,0.0464103232836,0.0,-0.414048411045,-2.54450062442,4.75726954489,-0.197294326783,0.103253706429,0.0,492.49297095200563,494.54475172588377,490.0320594523866,491.85963196283734
2.3400000000000016,-0.386391996785,-1.69629248126,17.0842734613,5.98759186197,0.0526835752118,0.0,-0.447534188531,-2.74191729499,4.82917491843,-0.188247056745,0.107033989808,0.0,463.8964038577348,464.2022137208663,462.21238620172176,462.8897672704522
2.4000000000000017,-0.414059925571,-1.86529907445,17.3707943995,5.97638378598,0.0588307657493,0.0,-0.475211380201,-2.89254272949,4.72141993415,-0.184060177768,0.0912148028653,0.0,405.6542090881593,404.24101527044434,404.5641058696789,404.9033531027425
2.4600000000000017,-0.443490688153,-2.04357474403,17.6509801496,5.9650386002,0.0643203521273,0.0,-0.506237768597,-3.0508840804,4.61794203458,-0.201718486379,0.0920435868172,0.0,406.72387588127265,406.8059937480316,407.41409798512035,405.79299645438465
2.520000000000002,-0.475106808374,-2.23268266037,17.9283666702,5.95321161753,0.0699531070119,0.0,-0.548125762154,-3.25369031381,4.6274369748,-0.189226483042,0.0973162817883,0.0,446.7749745597721,447.212128246281,445.2289246730495,446.21196168913986
2.580000000000002,-0.509825906565,-2.43638817334,18.2126383881,5.94186455119,0.0759740355556,0.0,-0.609817288585,-3.53739987343,4.84624708578,-0.188901574535,0.10580842433,0.0,512.9919223496273,513.601836032403,512.7509973351155,512.7445245209111
2.640000000000002,-0.548136452192,-2.65623895401,18.5066647974,5.93038219151,0.0826457567444,0.0,-0.667832443816,-3.79183875947,4.95309983707,-0.196830186099,0.120227981358,0.0,481.84843213308983,482.94724447394435,485.1803914186144,484.55224848469896
2.700000000000002,-0.58977226954,-2.8903433458,18.8035726758,5.91865985891,0.0897007255141,0.0,-0.720640394633,-4.01255308613,4.94288648679,-0.192609360777,0.11169049306,0.0,449.26016616740895,448.57947711487657,449.56660047489066,449.87175146032115
2.760000000000002,-0.634845763417,-3.13845928761,19.1012025758,5.90737185026,0.096254619194,0.0,-0.782393752323,-4.2588311552,4.97684526039,-0.180430604644,0.103799394145,0.0,466.5218420274819,465.9150509049588,465.3525544092809,466.2723458225868
2.820000000000002,-0.683653920124,-3.40119921582,19.3998079491,5.89671075126,0.102400374286,0.0,-0.845063784167,-4.49996645191,4.97557710679,-0.172699509427,0.0995401093924,0.0,456.830832586788,456.49979655484236,457.4936142079013,458.07941433494227
2.880000000000002,-0.736059443717,-3.67759767601,19.6957497314,5.88662793654,0.108154408665,0.0,-0.902244453995,-4.71413189011,4.88855595892,-0.160080574573,0.0873993310067,0.0,430.9892176306454,429.96972196817256,429.5241418343389,430.5650536767555
2.940000000000002,-0.792183986007,-3.96771573292,19.988032081,5.87651407438,0.113329297591,0.0,-0.968983675733,-4.95720486744,4.85323431738,-0.196627426943,0.0838419245779,0.0,450.09503036956977,449.81299854120465,450.8964013070933,447.90512077828845
3.000000000000002,-0.852569222583,-4.27318544302,20.2793950393,5.86453491672,0.118307691883,0.0,-1.04424258416,-5.2259584711,4.85747459217,-0.206504969692,0.0811778651513,0.0,464.52822084222123,464.3244980429118,466.6436524007261,465.8346649322038
3.0600000000000023,-0.917407754756,-4.59447842779,20.5696684147,5.85207496849,0.123678899856,0.0,-1.11742764676,-5.48469747358,4.81709207234,-0.210090396241,0.102430797152,0.0,452.5355735809596,454.249842930987,453.770109764695,453.44063728628845
3.1200000000000023,-0.986959557071,-4.93226786669,20.8589824269,5.83984579776,0.129290583209,0.0,-1.20142565912,-5.77576118784,4.82505654521,-0.193570893872,0.062361831968,0.0,474.02538015838235,470.94170607552905,472.15779406754945,473.3925360896719
3.1800000000000024,-1.06121669627,-5.28632898965,21.1456140594,5.82807828886,0.132932947855,0.0,-1.2740645058,-6.02714595626,4.72837812243,-0.201787125568,0.0571716327315,0.0,441.02627805461117,440.5999113271198,440.28600993755776,439.56741341246993
3.2400000000000024,-1.13997769128,-5.65596452651,21.4268848472,5.81596086385,0.137349874158,0.0,-1.35156972682,-6.29489605508,4.64614398583,-0.202298597044,0.0947328151415,0.0,446.16921846245225,449.2299515140315,448.1134434042697,448.032229149786
3.3000000000000025,-1.22347222216,-6.04189314214,21.703090107,5.8038638562,0.143259480465,0.0,-1.43198705117,-6.57022217787,4.55943846559,-0.200289123222,0.105111614859,0.0,449.408132098258,450.2569740466057,448.47425396106115,448.59805379572424
3.3600000000000025,-1.31204306871,-6.44503764731,21.974848359,5.79177785477,0.149648089145,0.0,-1.52081472565,-6.86868500902,4.49761522499,-0.203821816354,0.109074105651,0.0,460.99501377274686,461.31757174506043,461.0295586785142,460.71206852052035
3.4200000000000026,-1.4063345863,-6.8671811319,22.2443224106,5.77932517304,0.156649678104,0.0,-1.62270004182,-7.20341170828,4.48279219103,-0.216266455767,0.128706956616,0.0,480.0170871719256,481.51588962716056,481.3939591251987,480.41210886509674
3.4800000000000026,-1.50624686933,-7.30773806695,22.5092347296,5.76727467558,0.164063346267,0.0,-1.70821965165,-7.48265085356,4.34635376014,-0.180621265746,0.110527527384,0.0,443.03767363853916,441.55369876955587,442.0167989488175,444.9044725847017
3.5400000000000027,-1.61144071378,-7.76536991153,22.7659878495,5.75658469783,0.17048762869,0.0,-1.79866547728,-7.77248724854,4.21080999981,-0.173666384561,0.0990720522118,0.0,446.96849700317404,446.0435799127529,445.77147005666524,446.30907833502704
3.6000000000000028,-1.72148921665,-8.23863961524,23.0110924057,5.74636197353,0.176553648263,0.0,-1.87002882622,-8.00417417155,3.9589027512,-0.164510749799,0.104873277297,0.0,404.24009399530513,404.7726250853529,403.72349786582697,404.5179710941413
3.660000000000003,-1.8365725312,-8.72792164316,23.244183148,5.73653514607,0.183312879705,0.0,-1.96648991436,-8.3059329977,3.80945713597,-0.16236036923,0.124870569356,0.0,445.07699235926754,446.72215957199745,445.5681456585333,445.71847806448625
3.720000000000003,-1.95789280455,-9.23645611002,23.4696791668,5.72748334503,0.19172284305,0.0,-2.07802434279,-8.64573128764,3.70527226095,-0.134405334955,0.160281231031,0.0,465.5038595404381,468.2838045968411,463.6840878425122,465.8547335866898
3.780000000000003,-2.08543654254,-9.76390731953,23.6860412554,5.71934215771,0.201177138818,0.0,-2.17404874285,-8.93671535353,3.50568823628,-0.13837719911,0.151520385286,0.0,433.65510441662053,432.94249956383993,435.8613510609074,435.51173468963407
3.840000000000003,-2.21957034768,-10.3108113133,23.8931029917,5.71123224454,0.21053697269,0.0,-2.29764701944,-9.29383995363,3.39441399345,-0.129416944746,0.163703530783,0.0,470.0385284862901,471.0034499247091,470.48487353964384,471.162526228795
3.900000000000003,-2.36052441672,-10.8774318948,24.0903107493,5.70321062878,0.21998871824,0.0,-2.40142095083,-9.59427414069,3.17796158082,-0.144011040765,0.140846215879,0.0,436.7708505298386,434.8833475246334,436.45504817260957,435.2178180276861
3.960000000000003,-2.50950294529,-11.4663445416,24.2805280388,5.69471367226,0.228632118452,0.0,-2.56493335109,-10.036166091,3.15955149968,-0.137215799025,0.14980213344,0.0,511.2543322518041,511.9085544141295,510.8842308275489,511.35282454873317
4.020000000000002,-2.66670154299,-12.077801629,24.4630887683,5.68666253218,0.237494597988,0.0,-2.67553426084,-10.3465377224,2.9244485952,-0.12873151949,0.143157167534,0.0,439.4835460037649,438.952939338546,439.22494753287896,439.9114297683701
4.080000000000001,-2.82965987618,-12.7057859493,24.6279497287,5.67880839732,0.246008025699,0.0,-2.75696773843,-10.5875630293,2.57046860038,-0.135635984102,0.139231726498,0.0,393.8488942086202,393.50709148275,392.83086212561346,392.1715448876742
4.14,-2.99848145547,-13.3504454845,24.774287904,5.67073921037,0.254144528665,0.0,-2.8708702904,-10.9019935383,2.30607181951,-0.132283515188,0.12715533873,0.0,434.0982888119111,433.10073885833367,432.3207891217851,432.5860522849544
4.199999999999998,-3.17522725282,-14.0163660694,24.9076104397,5.66315415059,0.262229933286,0.0,-3.02097037455,-11.2958351272,2.13565846921,-0.116716218843,0.146746733409,0.0,474.05935026355706,475.578102272667,472.23465530619444,473.420696735311
4.259999999999997,-3.36031665567,-14.7044379939,25.0280295923,5.65622576659,0.270990182632,0.0,-3.14912225011,-11.6407389264,1.87659878827,-0.113098110775,0.144477933288,0.0,445.338002033797,445.1722178984647,445.2814037490741,445.565520801297
4.319999999999996,-3.55347499684,-15.4139898222,25.1333965989,5.65023448209,0.27965689694,0.0,-3.28989067976,-12.0117435954,1.63364897049,-0.0816347348041,0.144379846988,0.0,456.76580698233573,456.7768520831403,455.0246410928037,457.5285617233429
4.379999999999995,-3.75580612092,-16.1472809883,25.2255874045,5.64540187186,0.288256756367,0.0,-3.4548124601,-12.4318015651,1.43691773785,-0.0784470371266,0.141148821312,0.0,480.2207644059855,479.9930127261613,479.1331638639144,479.3708300645422
4.439999999999993,-3.96798586475,-16.9056604203,25.305172779,5.64087925,0.296721222436,0.0,-3.61816375678,-12.8481550608,1.21352380386,-0.0698554432136,0.140925418075,0.0,476.05287142599997,476.05283306490344,475.33965707711883,475.993770068151
4.499999999999992,-4.19101894145,-17.6910856029,25.3734393238,5.63674808676,0.304834603907,0.0,-3.81642846072,-13.3329167802,1.05882079118,-0.06692007776,0.120282006705,0.0,508.69732753411546,507.2305587529736,507.53693506217337,507.7447042418022
4.559999999999991,-4.42259627873,-18.4992163875,25.4232578209,5.63262801233,0.312353216221,0.0,-3.90343180143,-13.6068397045,0.601177945629,-0.0724130825121,0.133828177935,0.0,390.77732330845697,392.055125110313,391.8196764672094,391.30412684678
4.6199999999999894,-4.66165323794,-19.3281895537,25.4507072783,5.62841871956,0.320027378481,0.0,-4.06540726609,-14.0266519337,0.311379214317,-0.0659850678399,0.112150737848,0.0,466.744497993607,465.062778117959,467.3686707108246,467.86610888040326
4.679999999999988,-4.9095724867,-20.1809166631,25.4581188717,5.6245119383,0.326451698412,0.0,-4.19892236027,-14.3992286475,-0.0661244588527,-0.0634244017597,0.0942562687555,0.0,438.363701598717,436.88362033404775,436.51078393735355,436.72131131330815
4.739999999999987,-5.16644348919,-21.057915358,25.4445404262,5.62043535229,0.332066746256,0.0,-4.36356550682,-14.8354099646,-0.389029629417,-0.0789957018084,0.0922058264074,0.0,465.64637859375426,465.4928506760053,465.50750561767006,464.28356529356296
4.799999999999986,-5.43231362586,-21.9597604382,25.4090066353,5.61555143671,0.337542338985,0.0,-4.49903613891,-15.2279544091,-0.797547590057,-0.0866951286168,0.0892989642259,0.0,437.8708440186971,437.6359681861983,435.9425122745862,435.29284683757515
4.859999999999984,-5.70612352055,-22.8851202731,25.3479841368,5.61052675477,0.343050645472,0.0,-4.62824987745,-15.6194510933,-1.23868615001,-0.0784183406877,0.0963944181775,0.0,429.17649965697734,429.78597902575694,427.96639636577953,428.66459627452946
4.919999999999983,-5.98953505668,-23.8375149792,25.26394848,5.60535620012,0.348738127738,0.0,-4.81872610872,-16.1284287652,-1.56605730209,-0.109974982182,0.0913780706634,0.0,483.39323795986564,483.02175140260664,484.4249967337304,482.0392745717797
4.979999999999982,-6.2844430182,-24.8208893907,25.1597172758,5.59895596584,0.353939043762,0.0,-5.01134038066,-16.6521281396,-1.91228538948,-0.100772674014,0.0750845857148,0.0,486.3347889890869,485.11777113168216,485.48457583375836,486.1658842446125
5.0399999999999805,-6.58948131993,-25.8336250923,25.0310138745,5.59242725669,0.358718971135,0.0,-5.15668914702,-17.1079883565,-2.38094976115,-0.134158365033,0.087531142463,0.0,445.35950018679665,446.3818634996338,447.1479004185931,444.4073156127875
